a280.tsp 3055 99 2667 196600 2646 54952 2554 1.60371e+08 2559 7.73484e+07 
ali535.tsp 246794 291 210648 2493708 208418 812484 198642 1.71628e+09 197595 8.5356e+08 
att48.tsp 12683 14 10264 578 10837 236 9761 937927 9761 629359 
att532.tsp 33470 254 28286 2344030 28010 1.43668e+06 27378 1.71578e+09 27424 7.58814e+08 
bayg29.tsp 1800 2 1542 73 1542 63 1460 226717 1460 161481 
bays29.tsp 2145 2 1866 80 1917 47 1804 213115 1804 161364 
berlin52.tsp 8314 5 7557 435 7557 260 7141 927479 7141 698549 
bier127.tsp 123733 18 111572 7812 112377 2518 109718 1.13295e+07 110086 7.74685e+06 
brazil58.tsp 24772 6 21802 701 21912 255 19871 1.38296e+06 19871 986856 
brg180.tsp 12330 27 1960 5357 2000 2943 1920 3.73877e+07 1920 1.74773e+07 
burma14.tsp 3082 1 2615 16 2832 6 2615 55057 2615 34550 
ch130.tsp 7026 23 6147 9553 6284 4025 5903 1.39911e+07 5903 9.06544e+06 
ch150.tsp 7727 26 6529 19529 6717 12306 6392 2.25e+07 6401 1.2565e+07 
d198.tsp 14334 32 12971 56015 12988 17216 12754 6.05928e+07 12770 2.83012e+07 
d493.tsp 38626 264 33814 1969335 34162 853645 32890 1.26861e+09 32961 5.66351e+08 
dantzig42.tsp 853 4 662 318 688 142 641 616839 641 452563 
eil101.tsp 752 14 628 3016 624 1554 614 6.60873e+06 615 4.08273e+06 
eil51.tsp 477 5 417 481 420 99 403 1.02317e+06 405 689127 
eil76.tsp 624 9 532 1322 534 787 522 2.95403e+06 521 1.90299e+06 
fl417.tsp 14265 150 12321 1035313 12342 248455 11056 6.20662e+08 11138 3.6243e+08 
fri26.tsp 973 2 895 48 911 25 799 174255 799 138580 
gil262.tsp 3026 81 2445 182051 2482 93273 2353 1.3025e+08 2348 7.01325e+07 
gr120.tsp 8718 19 7082 12260 6815 8469 6614 1.27544e+07 6593 7.22386e+06 
gr137.tsp 78540 19 68631 10884 69099 5054 66286 1.74841e+07 66348 1.05322e+07 
gr17.tsp 1941 2 1623 17 1623 9 1564 69309 1564 53258 
gr202.tsp 46330 37 37999 46378 38067 20454 36382 5.65724e+07 36828 3.29069e+07 
gr21.tsp 2698 2 2323 35 2391 22 2313 106477 2313 83774 
gr229.tsp 160719 46 134325 76998 131964 38223 129538 8.15055e+07 128822 4.81735e+07 
gr24.tsp 1339 2 1181 47 1199 24 1157 149767 1157 113920 
gr431.tsp 201322 161 170725 1264768 172027 281672 167140 7.52972e+08 166502 4.10097e+08 
gr48.tsp 5852 5 4980 494 5015 152 4609 876452 4614 672015 
gr96.tsp 67739 12 53868 3714 54713 2405 51678 5.92911e+06 51678 3.95403e+06 
hk48.tsp 12697 5 10969 383 11249 155 10649 922545 10649 633362 
kroA100.tsp 26296 14 21395 4960 21559 4003 20531 6.80802e+06 20405 4.51446e+06 
kroA150.tsp 32616 29 27049 26598 26875 14762 25791 2.2855e+07 25849 1.39851e+07 
kroA200.tsp 34544 50 29676 47969 29603 13316 28684 5.5505e+07 28684 3.19353e+07 
kroB100.tsp 25994 14 21533 3213 21121 2208 20912 7.05038e+06 20912 4.51369e+06 
kroB150.tsp 33184 27 26251 22826 26459 13152 25768 2.03348e+07 25148 1.42025e+07 
kroB200.tsp 35975 49 30139 68635 30198 30390 28994 5.90285e+07 28845 3.27612e+07 
kroC100.tsp 23910 15 21250 3990 21370 2792 19941 7.22302e+06 19886 4.61274e+06 
kroD100.tsp 23976 16 21018 4486 21104 2601 20464 6.83596e+06 20460 4.60477e+06 
kroE100.tsp 26408 14 21618 4533 21677 5100 21286 6.65882e+06 21327 4.41574e+06 
lin105.tsp 17167 14 14237 10223 14159 7796 13692 7.33772e+06 13793 5.12714e+06 
lin318.tsp 49153 88 42236 410521 42282 156386 41469 2.46684e+08 41235 1.27824e+08 
linhp318.tsp 49153 93 42236 407259 42204 176003 41387 2.39653e+08 41235 1.34413e+08 
pcb442.tsp 61532 160 51475 1522721 51479 469977 50240 8.0776e+08 50157 3.87194e+08 
pr107.tsp 38630 14 37290 834 37290 2011 37133 9.37426e+06 37133 5.74344e+06 
pr124.tsp 67234 18 58530 5664 59285 2890 55241 1.19706e+07 55241 8.02903e+06 
pr136.tsp 112978 20 100940 17100 102602 6779 93330 1.91209e+07 93330 1.02946e+07 
pr144.tsp 59405 22 56592 16543 58501 2524 53920 2.05459e+07 53920 1.19214e+07 
pr152.tsp 69961 25 63349 10782 63398 7379 63138 2.38699e+07 63138 1.44601e+07 
pr226.tsp 85053 43 77122 60014 77517 22270 74254 6.86001e+07 74254 4.58525e+07 
pr264.tsp 51274 60 48753 81038 48753 25800 43677 1.80001e+08 43722 6.75507e+07 
pr299.tsp 57854 79 48135 216283 48991 62995 47054 2.01331e+08 47138 1.06239e+08 
pr76.tsp 137193 9 103536 2698 104690 952 97584 2.84835e+06 98193 2.09233e+06 
rat195.tsp 2628 33 2279 36895 2279 9570 2256 6.07516e+07 2255 2.66037e+07 
rat99.tsp 1381 12 1237 3112 1240 1977 1190 7.26356e+06 1190 4.27245e+06 
rd100.tsp 9269 14 8006 4597 7955 1941 7614 6.66703e+06 7614 4.55738e+06 
rd400.tsp 18473 173 15512 771445 15555 300328 15217 6.07796e+08 15176 3.08659e+08 
si175.tsp 22074 30 21380 33938 21301 6856 21135 3.17502e+07 21141 1.87407e+07 
si535.tsp 49687 247 48434 2928604 48654 582504 48153 1.34657e+09 48167 4.76692e+08 
st70.tsp 775 9 679 980 669 844 631 2.36829e+06 631 1.62445e+06 
swiss42.tsp 1505 4 1186 249 1243 150 1162 581999 1162 443523 
ts225.tsp 139993 41 123401 85226 129566 16797 123401 6.20468e+07 123401 3.8415e+07 
tsp225.tsp 4695 45 3890 106326 3880 39606 3839 7.67248e+07 3789 4.14974e+07 
u159.tsp 48653 25 43331 17776 43384 5918 40770 2.35262e+07 40761 1.56977e+07 
ulysses16.tsp 7674 1 4852 22 5120 16 4852 56614 4852 46260 
ulysses22.tsp 8272 2 5074 48 5509 34 5074 110163 5074 100233 
